-111.557 -4.90723 -0.000143408 
-107.632 -4.95557 0.00823613 
-103.526 -4.90503 -0.000818559 
-99.3937 -4.91772 0.00774711 
-87.5199 -4.90625 0.0139575 
-83.5397 -4.9873 0.0307332 
-75.4608 -4.99683 0.025053 
-45.6086 8.01685 0.0908268 
-85.6403 8.04858 0.0882284 
-67.4061 -4.91138 0.0118444 
-64.5623 -4.97705 0.0280569 
-81.6427 8.08276 0.0860071 
-60.4082 -4.92676 0.013591 
-56.3774 -4.89429 0.0240372 
-53.5483 8.07349 0.0387715 
-52.4344 -4.98047 0.0408247 
-73.6144 8.03613 0.0743189 
-37.4678 8.00098 0.0454942 
-49.5532 8.15356 0.0835275 
-48.4753 -5.0896 0.0240881 
-79.426 -4.99316 0.0187487 
-77.6069 8.14844 0.0847463 
-40.5709 -6.20703 0.0359445 
-44.415 -5.53564 0.0281741 
-36.5023 -6.94287 0.0216796 
-42.5817 18.9626 0.30307 
-27.9062 -7.8103 0.0692274 
-18.1108 7.31274 0.0886557 
-7.34448 -7.62866 0.0310081 
-69.689 8.1582 0.111186 
-54.7264 -6.63989 0.194016 
-33.6468 8.12231 0.0917556 
-29.5293 8.05347 0.109239 
-20.6709 -7.92383 0.0340477 
-32.6635 -7.37354 0.0242219 
-25.4368 8.04053 0.140696 
-23.3474 -8.64941 0.0692438 
-21.4573 8.11841 0.102843 
-16.48 -7.35327 0.0177284 
-12.4495 -7.84521 0.0319842 
-1.21637 -4.55322 0.0679579 
-0.42627 -7.35864 0.0202183 
-3.14825 -8.88892 0.189145 
3.56531 -7.29565 0.0069042 
7.48798 -6.83643 -0.023652 
23.4266 -5.04346 0.00765816 
-18.4061 -8.74829 0.0829149 
31.3076 -5.02197 0.0216944 
43.1484 -4.89575 0.048492 
35.2878 -4.99561 0.145911 
47.423 -4.93994 0.0822161 
15.5011 -5.28931 0.0616991 
63.3342 -4.95972 0.0975003 
 
