-104.771 -4.82983 0.102192 
-96.8718 -4.88428 0.043715 
-94.9619 -4.84131 0.0582959 
-90.8299 -4.89868 0.0489436 
-81.9711 -4.8894 0.0381459 
-72.7549 -4.91968 0.0297151 
-63.6984 -4.85205 0.0419742 
-60.8006 -4.89648 0.0250503 
-89.1973 7.52661 0.0858165 
-76.794 -4.91382 0.0595979 
-71.1382 7.43872 0.0391206 
-42.0192 7.36328 0.0147216 
-66.0297 -4.82739 0.0437866 
-68.733 -5.72583 0.0166016 
-56.7303 -4.89038 0.013802 
-50.8061 -4.84961 0.00551 
-45.6436 -4.87524 0.00604747 
-52.76 -4.90088 -0.000376598 
-37.9323 -7.24219 0.135103 
-36.3491 -0.00170898 0.167146 
-38.7286 0.0458984 0.177058 
-86.6451 -5.26636 -0.00129053 
-32.6545 -4.95605 0.0122258 
-26.6869 -4.88452 0.011279 
-18.6587 -4.9231 0.00318729 
-21.0203 7.40576 0.0383583 
-10.577 -4.91479 0.00969709 
-17.0641 7.31909 0.0169125 
-12.9935 7.31567 0.0184454 
-6.65515 -4.89819 0.0307993 
-22.5868 -4.8999 0.00167641 
-28.6308 -4.91675 0.0270184 
-1.01526 7.32178 0.0972827 
1.38409 -4.92188 0.014742 
-14.5839 -4.93481 0.0293064 
9.42813 -4.89648 0.0118061 
5.41394 -4.87671 0.0213906 
-2.5145 -4.89478 0.0012233 
15.0877 7.32617 0.015148 
17.4672 -4.85718 0.0210389 
21.3629 -4.88794 0.0346317 
67.2881 7.90015 0.0635038 
29.5786 -4.89624 -0.0170254 
103.545 8.11182 -0.0634915 
 
