-68.0837 -31.0322 0.0498624 
-49.766 -17.1492 -0.0112863 
-39.1229 -2.99268 0.0273828 
-54.5477 -0.444824 0.0718175 
-11.1718 38.0188 0.0620356 
-76.363 -21.0613 0.16748 
-32.1218 19.689 0.102535 
-35.1081 16.9143 0.0817344 
-28.9045 22.0449 0.0797592 
-90.6006 -34.4197 0.154401 
-20.2975 2.15015 0.0317752 
-16.1504 3.29614 0.0323871 
-27.4519 23.4409 0.0992637 
-31.7646 -1.14062 -0.0223855 
-4.05617 43.7737 0.0203792 
1.1187 48.1201 0.0585585 
42.4854 22.4995 0.109789 
14.6951 3.90088 0.0930066 
-8.27162 3.67407 0.0603608 
9.6172 3.84375 0.0854945 
25.4148 1.77417 0.101277 
32.3951 6.46704 0.28942 
 
