-137.38 5.20752 0.0786999 
-129.681 3.85059 0.0850763 
-124.283 3.03833 0.0739176 
-121.702 2.6958 0.0680334 
-117.697 2.1145 0.0974597 
-113.65 1.63989 0.10382 
-105.764 0.593018 0.0844897 
-101.667 0.0554199 0.0908681 
-133.47 4.53564 0.101985 
-97.7548 -0.510254 0.0943549 
-89.8594 -1.28125 0.0861466 
-85.7181 -1.76367 0.106681 
-93.6755 -0.876709 0.1026 
-126.273 3.40015 0.0660565 
-81.9322 -2.14722 0.0577844 
-77.8789 -2.42456 0.0824202 
-73.8958 -2.71875 0.055009 
-70.0076 -3.07275 0.071434 
-107.52 0.601074 0.105861 
-57.8687 -4.01123 0.0999708 
-61.9642 -3.61694 0.0447596 
-65.9019 -3.31738 0.0800081 
-53.9153 -4.32373 0.0731624 
-45.8559 -4.7959 0.0847635 
-42.098 -4.97266 0.0695574 
-30.0503 -5.4292 0.0542277 
-49.9495 -4.71533 0.0534484 
-37.9162 -5.04736 0.0685287 
-21.9257 -5.4502 0.0859664 
-5.96747 -5.79126 0.0587871 
34.0078 -5.52319 0.0573503 
-14.0265 -5.70581 0.0341242 
9.87601 -6.05542 0.0373596 
-26.1436 -5.53296 0.0602525 
-17.9965 -5.61816 0.032149 
13.7978 -5.97925 0.0434703 
-49.8957 -7.39282 0.133522 
-31.1174 -7.47363 0.0584232 
-10.1445 -5.82202 0.0428165 
2.02722 -5.87012 0.0443954 
-36.3333 -7.28418 0.0608439 
26.9279 -6.16479 0.0936363 
50.2244 -4.84302 0.0944792 
-4.90131 -7.92163 0.034854 
29.7112 -5.90063 0.104005 
17.8206 -5.9436 0.0155096 
21.9854 -6.00366 0.00620604 
-24.7632 -7.77051 0.124122 
 
