-147.627 13.3726 0.0697606 
-139.583 -0.0688477 -0.00362817 
-165.929 16.0229 0.0396088 
-143.78 12.6768 0.118885 
-139.726 12.228 0.0611727 
-151.969 13.8784 0.0848784 
-143.554 0.230713 0.0300594 
-132.909 11.4639 0.0744562 
-130.778 11.1992 0.123811 
-126.917 10.8232 0.0777705 
-127.322 -3.66992 0.0354085 
-128.752 10.8843 0.141079 
-122.777 10.2798 0.128947 
-120.835 10.1404 0.126013 
-116.702 9.67383 0.11942 
-135.584 -0.608643 0.0344866 
-112.719 9.32886 0.143829 
-124.737 10.3513 0.13257 
-114.736 9.5166 0.163977 
-118.789 9.78101 0.141616 
-106.068 8.4541 0.122566 
-110.716 8.98438 0.133925 
-100.716 7.95508 0.120807 
-98.7393 7.83008 0.100095 
-96.7585 7.52148 0.124376 
-94.7197 7.55103 0.0692143 
-88.9705 6.90186 0.0978618 
-86.921 6.83032 0.0964942 
-90.8702 7.08643 0.100503 
-82.7808 6.5686 0.0777922 
-80.7778 6.35791 0.0750858 
-78.8646 6.25 0.0843849 
-72.7808 5.80933 0.111762 
-84.8243 6.64478 0.0836776 
-71.6584 -6.64673 0.0867175 
-92.7958 7.35474 0.0702244 
-83.6069 -5.83594 0.108657 
-63.0682 -8.97681 0.150335 
-63.5679 -7.05615 0.0280447 
-74.7491 5.98633 0.138214 
-66.6921 5.6189 0.0805278 
-64.8538 5.41797 0.123554 
-62.8247 5.24854 0.103919 
-60.674 5.13696 0.0873732 
-58.7719 5.04492 0.107123 
-56.7227 4.91968 0.0912708 
-65.7935 7.40234 0.180322 
-63.76 7.26123 0.16131 
-54.6558 4.82739 0.100608 
-52.7842 4.78955 0.111022 
-59.4855 -7.16797 0.029677 
-47.5946 -7.87354 -0.00581568 
-75.6428 8.11621 0.133083 
-68.7029 5.64453 0.131151 
-59.736 7.10571 0.15049 
-44.819 4.38477 0.0822981 
-50.7804 4.67798 0.0851283 
-48.7723 4.55762 0.0891072 
-42.8002 4.26294 0.0680153 
-40.8875 4.19019 0.0693797 
-36.7954 3.98218 0.05032 
-35.4824 -8.27808 -0.00460985 
-32.8833 3.86084 0.0544416 
-46.7679 4.49146 0.0737501 
-34.7614 3.94312 0.0607223 
-30.7134 3.83105 0.0273988 
-28.7303 3.77417 0.047823 
-26.7343 3.65479 0.0325758 
-31.5527 -8.4375 -0.00214811 
-24.7301 3.57251 0.0373581 
-43.7751 6.28003 0.140376 
-22.6123 3.54419 0.0509742 
-10.9924 3.33472 -0.00634762 
-12.6809 3.40479 -0.0122915 
 
