-106.638 7.21387 0.039604 
-97.9158 -5.77124 0.0401308 
-88.5596 7.22852 0.0316083 
-74.4536 7.31665 0.0438265 
-68.4264 7.32935 0.0257245 
-64.4451 7.33472 0.0539121 
-62.3901 7.30493 0.0265966 
-101.983 -5.89526 0.0795063 
-93.9736 -5.68579 0.0336872 
-86.5472 7.39355 0.048891 
-82.4569 7.25244 0.0877042 
-80.4861 7.26929 0.112608 
-89.9707 -5.67554 0.0357099 
-86.0676 -5.52393 0.0790094 
-84.4724 7.3186 0.0919969 
-77.846 -5.4353 0.0284051 
-56.3672 7.22681 0.105371 
-54.3742 7.34937 0.0542642 
-73.9324 -5.33374 0.0416486 
-52.4203 7.21997 0.0572792 
-48.316 7.38208 0.0473127 
-76.4782 7.26978 0.0876885 
-32.3194 7.38867 0.0342425 
-60.3659 7.28491 0.0688699 
-42.3613 7.40308 0.0450374 
-40.4026 7.39233 0.0737553 
-57.92 -5.07031 0.0374195 
-61.8806 -5.10352 0.0484986 
-38.3597 7.38696 0.0629643 
-34.3377 7.41821 0.0671099 
-46.4373 7.46533 0.0722624 
-36.2652 7.39185 0.056016 
-49.8516 -5.05444 0.0284824 
-53.88 -5.02686 0.0520225 
-28.2613 7.44702 0.0513003 
-26.2299 7.41772 0.0528432 
-45.8335 -4.98315 0.0509993 
-41.8298 -5.04053 0.0310397 
-37.8318 -4.96973 0.044607 
-20.1474 7.45605 0.0504592 
-29.7163 -4.94238 0.0585721 
-33.7971 -4.99878 0.0630427 
-25.6758 -4.93848 0.0562343 
-16.2259 7.37817 0.0342708 
-24.1999 7.49463 0.0436433 
-17.7484 -4.91284 0.0189665 
-0.214905 7.46753 0.0292046 
-5.72171 -4.90601 0.0499552 
-13.7056 -4.81323 0.0524936 
-12.135 7.4021 0.0511585 
-9.75314 -4.9436 0.0407411 
1.86462 7.41821 0.0829895 
19.5846 7.66333 0.126057 
-1.56223 -4.9126 0.0278503 
6.32111 -4.979 0.0372301 
10.4195 -4.83154 0.0437103 
2.24399 -4.86475 0.0617762 
18.3776 -4.85718 0.0503974 
14.4147 -4.91772 0.0427964 
28.7299 7.57153 0.148703 
38.421 -4.7146 0.0868514 
 
