-152.685 4.6543 0.109709 
-146.666 4.50073 0.0934418 
-144.576 4.42395 0.0841521 
-142.586 4.35706 0.107759 
-140.667 4.28027 0.106723 
-138.642 4.19043 0.0960919 
-134.562 4.19373 0.102825 
-130.617 4.07886 0.0836506 
-154.648 4.63379 0.111944 
-132.584 4.09351 0.0916538 
-128.61 4.0907 0.0952727 
-147.397 6.29504 0.140427 
-136.525 4.2865 0.0838339 
-149.451 6.09241 0.148028 
-137.446 6.06213 0.146514 
-126.539 3.97375 0.0892066 
-150.641 4.65027 0.0977133 
-125.31 5.92407 0.146953 
-143.392 6.40027 0.143442 
-115.997 -8.50964 0.00679047 
-114.575 3.88586 0.0886071 
-124.569 3.99426 0.0831148 
-111.408 5.66016 0.152938 
-104.544 3.96045 0.0866464 
-95.0989 -10.645 0.0819617 
-91.8387 -8.33655 0.0359228 
-118.547 3.91211 0.113405 
-116.555 3.95886 0.0819861 
-121.37 5.89355 0.171355 
-108.542 4.01074 0.0915388 
-107.936 -8.56567 0.0070977 
-102.36 3.93201 0.0965772 
-95.9358 -8.30396 0.00969105 
-106.491 3.93958 0.103406 
-117.337 5.76636 0.136995 
-111.949 -8.47986 0.00542667 
-101.318 5.55457 0.142142 
-99.3812 5.74792 0.117389 
-110.484 3.90515 0.080327 
-135.326 6.04224 0.172201 
-99.913 -8.3739 0.044378 
-109.34 5.6239 0.123458 
-96.5187 3.96069 0.093939 
-100.432 3.82703 0.122527 
-94.5519 4.08545 0.080422 
-92.525 4.11731 0.0873355 
-107.292 5.79187 0.141676 
-90.3273 4.06628 0.0899669 
-79.9409 -8.13489 -0.0172716 
-103.289 5.71851 0.130375 
-86.413 4.10596 0.0942597 
-105.261 5.80811 0.151576 
-120.008 -8.44666 -0.0225794 
-88.4846 4.05249 0.0826099 
-84.4952 4.10938 0.0917361 
-78.619 4.38586 0.103733 
-85.304 5.96021 0.131962 
-76.3181 4.34778 0.134837 
-74.4545 4.38196 0.0878607 
-82.4075 3.96753 0.0830577 
-70.4727 4.38562 0.0989301 
-80.4005 4.21545 0.103007 
-75.8621 -8.01599 0.00499726 
-68.3958 4.48022 0.0962349 
-83.3193 5.99048 0.13447 
-62.5101 4.73022 0.0967813 
-64.5009 4.63074 0.0904932 
-60.4496 4.70117 0.0770644 
-56.4672 4.87744 0.093684 
-54.5048 4.90076 0.0811193 
-58.3424 4.75635 0.0813084 
-48.4769 5.28613 0.112192 
-66.4781 4.55347 0.104154 
-65.282 6.46655 0.0871055 
-63.2351 6.55273 0.0713049 
-38.3954 5.56958 0.11657 
-30.5813 6.07312 0.0794928 
-44.3375 5.36304 0.154994 
-32.4775 5.89514 0.102519 
-67.3016 6.52112 0.0934883 
-51.8518 -7.34619 0.0625362 
-40.4323 5.59387 0.132762 
-28.5612 6.11047 0.108446 
-26.5286 6.2937 0.119344 
-43.799 -6.99695 0.0598711 
-41.3403 7.57812 0.16434 
-18.491 6.71997 0.094669 
-20.545 6.70056 0.116573 
-29.2983 8.22046 0.147362 
-27.2955 8.33301 0.123823 
-27.7029 -5.98743 0.092635 
-23.7461 -5.71912 0.0479647 
-23.2684 8.58252 0.162517 
-15.6764 -5.19263 0.0797336 
 
