-62.6931 21.4635 0.078148 
-36.4309 -2.78894 0.087887 
-37.5894 -4.57336 0.144252 
-51.3794 -1.18274 0.119529 
-26.6621 -19.267 0.0591577 
-57.933 1.77502 0.057954 
-28.3662 3.74036 0.13459 
-7.51758 -10.1503 0.0982573 
-40.6653 -0.168823 0.117037 
-29.1724 -6.8844 0.0544364 
-38.6462 0.718872 0.231075 
-30.8766 -3.43384 0.0975207 
-27.3109 -7.3407 0.0527506 
-9.82275 -21.5074 0.0652666 
-4.80811 -4.57727 0.146037 
-20.3594 -10.3633 0.0190531 
-11.2776 -4.6073 0.0939327 
-25.6111 -14.8602 0.0427618 
-18.3586 -8.63672 0.0712721 
-13.718 -4.56873 0.112152 
-18.9407 -4.95801 0.0828587 
-12.5767 -10.2599 0.091953 
-15.6602 -4.38086 0.105479 
-54.8237 -0.49353 0.0319975 
12.7734 -4.47876 0.153752 
10.6194 -4.4762 0.161624 
-1.64868 3.13245 0.136568 
-0.298584 -4.46716 0.125407 
17.2783 -5.19482 0.226387 
53.7283 -6.73938 0.175511 
-6.94824 -4.5603 0.116996 
1.86768 -4.3949 0.145334 
14.9048 -4.41895 0.16353 
3.54761 5.66333 0.238011 
19.5271 -4.99768 0.297488 
16.8716 -20.2368 0.139627 
-12.0768 -20.5269 0.0618272 
4.10327 -4.36926 0.102622 
31.8428 -17.7158 0.136844 
-8.979 -4.38586 0.106421 
22.4915 -22.5526 0.121386 
-2.60303 -4.41821 0.108285 
29.5183 -25.6307 0.0131413 
6.14014 -4.47351 0.104465 
28.5515 -22.0226 0.0178298 
 
