-103.09 -3.55225 0.0166008 
-99.0574 9.89001 0.08046 
-95.254 -3.52075 0.067319 
-95.0153 9.93591 0.103348 
-93.5637 11.8433 0.12353 
-91.6462 11.915 0.160846 
-81.5536 12.0699 0.17021 
-91.0175 9.97974 0.189147 
-91.0906 -3.33618 0.145315 
-63.1193 -3.38232 0.0361549 
-71.127 -3.52344 0.0478315 
-59.0953 -3.46606 0.0323463 
-55.209 -3.58911 0.0534067 
-52.0753 -3.82581 0.0616471 
-43.1002 -3.49231 0.0535234 
-15.1661 -3.21863 0.0701852 
1.01416 -3.2002 0.0243905 
8.90356 -3.26013 0.0447837 
4.9552 -3.11475 0.0325689 
-7.12024 -3.21875 0.0711095 
29.9547 -0.262085 0.141376 
 
