-118.139 0.209473 0.00719177 
-110.17 -0.236084 0.0235386 
-106.163 -0.459717 0.0245778 
-98.0927 -0.950439 0.0175152 
-86.1332 -1.65796 0.00410761 
-78.1132 -2.08496 0.00716245 
-74.1941 -2.28467 0.0185942 
-102.196 -0.719482 0.0175956 
-94.1423 -1.16113 0.0181652 
-70.1471 -2.4917 0.0119572 
-66.1317 -2.71313 0.0484575 
-90.2156 -1.42871 0.0319325 
-90.2915 10.9478 0.0586945 
-69.0038 23.5359 0.358229 
-57.9551 -3.14111 0.0249617 
-82.1793 -1.85889 -0.00724743 
-96.2714 11.3518 0.0582617 
-62.1636 -2.89648 0.025006 
-54.1644 -3.39502 0.0902521 
-50.1171 -3.54077 0.0106062 
-46.7526 22.4524 0.321032 
-86.2484 10.73 0.0357463 
-60.1369 9.42041 0.0355029 
-42.0142 -3.87622 0.0338331 
-52.2042 8.98682 0.0455564 
-43.3936 8.67993 0.0589229 
-64.2531 9.53857 0.0211944 
-62.2444 9.48291 0.0332569 
-37.057 8.24219 0.034144 
-58.2588 9.28247 0.047203 
-67.9431 9.69409 0.0167611 
-30.0151 -4.43237 0.0437859 
-56.1166 9.1709 0.0356477 
-34.1183 -4.30737 0.0562569 
-25.9465 -4.61108 0.0522686 
-67.5217 23.4937 0.417317 
-50.1576 8.89087 0.0717268 
-47.8977 8.78516 0.0533577 
-18.0144 -4.93042 0.0629486 
-13.9725 7.32397 0.0259056 
-12.0297 7.14746 0.0323372 
-13.8826 -5.0686 0.0537506 
-38.1263 -4.00293 0.0680267 
-32.1056 8.07642 0.0329517 
-30.2374 7.99707 0.0235076 
-5.91913 -5.30151 0.062732 
-9.8858 -5.16626 0.0908225 
-28.1284 7.90503 0.0157674 
-24.2079 7.65967 -0.00651295 
-22.1273 7.62427 0.0339596 
-20.1475 7.52344 0.01656 
-21.8999 -4.72925 0.0612458 
2.1228 -5.61548 0.0579147 
6.17773 -5.73145 0.0464071 
-16.0853 7.34961 0.0641539 
-6.02271 7.07935 0.012602 
10.0071 -5.84595 0.0668074 
12.0842 6.45483 0.0217597 
-9.92291 7.22656 0.0207108 
 
