1.56104 12.413 0.12931 
-40.2981 -5.50952 0.0517396 
-38.2991 -5.51227 0.030142 
-46.4741 -5.5119 0.105595 
-42.2915 -5.5274 0.0761706 
-36.0828 -5.50238 0.0534356 
-25.196 -5.48169 0.0399323 
-16.3958 12.7651 0.104797 
-1.64819 -5.59937 0.0434066 
0.0737305 27.7584 0.116335 
-44.3545 -5.45923 0.0604718 
-35.0161 12.8942 0.0713497 
-4.63403 32.2128 0.0303586 
23.3694 14.0322 0.090958 
-23.3796 -16.067 0.021377 
35.4089 36.1179 0.167962 
25.99 30.8149 0.166618 
18.6128 35.0101 0.171543 
22.4756 44.0577 0.161695 
20.2234 5.43433 0.0481354 
27.6248 1.64301 0.0762285 
33.4023 22.5853 0.130075 
29.1433 33.1619 0.204366 
30.9827 20.7118 0.125689 
23.7178 5.50824 0.124028 
27.7827 -2.05219 0.447575 
35.4365 11.8477 0.104473 
37.2549 -6.81702 0.0407107 
12.6553 38.1505 0.304261 
39.7559 2.828 0.0960914 
40.6538 11.0364 0.105316 
46.9758 14.0735 0.115306 
26.2095 -9.35278 0.0741452 
23.3596 -5.85352 0.0500918 
55.3379 18.0685 0.106621 
21.3843 -0.908264 0.370174 
 
