-27.9915 -19.2424 0.0880417 
-32.509 0.689209 0.131608 
-19.6697 4.07556 0.113611 
-35.5198 41.1586 0.0987051 
-54.8391 7.99963 0.137927 
-48.0173 1.21204 0.132845 
-17.6191 -1.07263 0.105379 
-19.4685 36.6775 0.158535 
-27.561 46.6346 0.175059 
-40.6235 50.3784 0.149311 
-1.80664 28.0872 0.148931 
-33.78 43.6741 0.172528 
-70.5994 55.8939 0.1851 
-10.7158 33.752 0.157492 
-15.4028 35.0964 0.141432 
-1.41846 30.8604 0.180647 
-30.6155 49.8752 0.169004 
-38.9626 49.3508 0.175132 
-7.0896 36.6171 0.140196 
-3.45459 15.5625 0.135672 
23.2234 39.387 0.142354 
-2.86719 18.1045 0.264491 
55.9431 75.6045 0.238063 
50.8972 53.2559 0.211495 
53.699 43.7382 0.182918 
10.8794 29.6782 0.0797522 
19.7095 28.5018 0.0386105 
59.2041 64.9623 0.161699 
56.854 72.5125 0.195515 
6.67529 12.8284 0.0795733 
56.1106 41.9294 0.128723 
20.7207 11.1775 0.049708 
 
